,Team1,match_id,is_batting_team,Team2,innings_over,innings_score,innings_wickets,score_target,total_runs,player_dismissed,predictions,wickets_in_over,required_run_rate,predicted_team1,predicted_team2
0,GT,1359475,1,CSK,1_1,2,0,-1,2,0,0.4649202,0,-1.0,0.4649202,0.53507984
1,GT,1359475,1,CSK,1_2,13,0,-1,11,0,0.4956399,0,-1.0,0.4956399,0.5043601
2,GT,1359475,1,CSK,1_3,14,1,-1,1,1,0.3533812,1,-1.0,0.3533812,0.64661884
3,GT,1359475,1,CSK,1_4,29,1,-1,15,0,0.44496304,0,-1.0,0.44496304,0.55503696
4,GT,1359475,1,CSK,1_5,46,1,-1,17,0,0.50343907,0,-1.0,0.50343907,0.49656093
5,GT,1359475,1,CSK,1_6,51,2,-1,5,1,0.46757564,1,-1.0,0.46757564,0.53242433
6,GT,1359475,1,CSK,1_7,64,2,-1,13,0,0.5222633,0,-1.0,0.5222633,0.4777367
7,GT,1359475,1,CSK,1_8,72,3,-1,8,1,0.4938868,1,-1.0,0.4938868,0.5061132
8,GT,1359475,1,CSK,1_9,90,3,-1,18,0,0.62655693,0,-1.0,0.62655693,0.37344307
9,GT,1359475,1,CSK,1_10,93,3,-1,3,0,0.55360425,0,-1.0,0.55360425,0.44639575
10,GT,1359475,1,CSK,1_11,100,3,-1,7,0,0.5382559,0,-1.0,0.5382559,0.46174413
11,GT,1359475,1,CSK,1_12,114,3,-1,14,0,0.62093997,0,-1.0,0.62093997,0.37906003
12,GT,1359475,1,CSK,1_13,121,4,-1,7,1,0.56848437,1,-1.0,0.56848437,0.43151563
13,GT,1359475,1,CSK,1_14,125,4,-1,4,0,0.48341402,0,-1.0,0.48341402,0.51658595
14,GT,1359475,1,CSK,1_15,133,4,-1,8,0,0.49513587,0,-1.0,0.49513587,0.5048641
15,GT,1359475,1,CSK,1_16,140,4,-1,7,0,0.48190928,0,-1.0,0.48190928,0.5180907
16,GT,1359475,1,CSK,1_17,151,4,-1,11,0,0.5070827,0,-1.0,0.5070827,0.4929173
17,GT,1359475,1,CSK,1_18,155,6,-1,4,2,0.48031455,2,-1.0,0.48031455,0.51968545
18,GT,1359475,1,CSK,1_19,165,7,-1,10,1,0.47976398,1,-1.0,0.47976398,0.520236
19,GT,1359475,1,CSK,1_20,178,7,-1,13,0,0.5399818,0,-1.0,0.5399818,0.46001822
20,GT,1359475,0,CSK,2_1,3,0,179,3,0,0.5433445,0,9.263157895,0.5433445,0.4566555
21,GT,1359475,0,CSK,2_2,18,0,179,15,0,0.38113046,0,8.944444444,0.38113046,0.61886954
22,GT,1359475,0,CSK,2_3,29,0,179,11,0,0.41701698,0,8.823529412,0.41701698,0.582983
23,GT,1359475,0,CSK,2_4,41,1,179,12,1,0.53492767,1,8.625,0.53492767,0.46507233
24,GT,1359475,0,CSK,2_5,56,1,179,15,0,0.3150333,0,8.2,0.3150333,0.6849667
25,GT,1359475,0,CSK,2_6,65,1,179,9,0,0.27332288,0,8.142857143,0.27332288,0.7266771
26,GT,1359475,0,CSK,2_7,71,1,179,6,0,0.3174442,0,8.307692308,0.3174442,0.6825558
27,GT,1359475,0,CSK,2_8,82,1,179,11,0,0.29272315,0,8.083333333,0.29272315,0.7072768
28,GT,1359475,0,CSK,2_9,89,1,179,7,0,0.28229722,0,8.181818182,0.28229722,0.71770275
29,GT,1359475,0,CSK,2_10,93,2,179,4,1,0.3639711,1,8.6,0.3639711,0.6360289
30,GT,1359475,0,CSK,2_11,106,2,179,13,0,0.1790747,0,8.111111111,0.1790747,0.8209253
31,GT,1359475,0,CSK,2_12,111,2,179,5,0,0.2863681,0,8.5,0.2863681,0.71363187
32,GT,1359475,0,CSK,2_13,114,3,179,3,1,0.33758104,1,9.285714286,0.33758104,0.66241896
33,GT,1359475,0,CSK,2_14,127,3,179,13,0,0.18922542,0,8.666666667,0.18922542,0.81077456
34,GT,1359475,0,CSK,2_15,138,4,179,11,1,0.23228055,1,8.2,0.23228055,0.76771945
35,GT,1359475,0,CSK,2_16,145,4,179,7,0,0.20459624,0,8.5,0.20459624,0.7954038
36,GT,1359475,0,CSK,2_17,149,4,179,4,0,0.22840877,0,10.0,0.22840877,0.77159125
37,GT,1359475,0,CSK,2_18,156,5,179,7,1,0.4092982,1,11.5,0.4092982,0.5907018
38,GT,1359475,0,CSK,2_19,171,5,179,15,0,0.11776881,0,8.0,0.11776881,0.8822312
